------------------------------ 
NOITCE: overall_noise_rate=0.19

 2024-12-08 18:02:28.788493

 ROUND & SEED =  0 --------------------
------------------------------ 
NOITCE: overall_noise_rate=0.19

 2024-12-08 18:03:56.952051

 ROUND & SEED =  0 --------------------

*** Orig BERT ***:
test acc: 0.7144
best val acc: 0.71333
train acc list:
 [0.19967, 0.321, 0.453, 0.57433, 0.65967, 0.70633, 0.76033, 0.79733, 0.82367, 0.851, 0.88233, 0.902, 0.92033, 0.93667, 0.95333, 0.964, 0.97233, 0.981, 0.98333, 0.99033, 0.992, 0.995, 0.99667, 0.99767, 0.99833, 0.99833, 0.99867, 0.99867, 0.999, 0.999, 0.99933, 0.99967, 0.99967, 0.99967, 1.0, 1.0, 1.0, 1.0, 1.0, 1.0, 1.0, 1.0, 1.0, 1.0, 1.0, 1.0, 1.0, 1.0, 1.0, 1.0, 1.0, 1.0, 1.0, 1.0, 1.0, 1.0, 1.0, 1.0, 1.0, 1.0, 1.0, 1.0, 1.0, 1.0, 1.0, 1.0, 1.0, 1.0, 1.0, 1.0, 1.0, 1.0, 1.0, 1.0, 0.99967, 1.0, 1.0, 1.0, 1.0, 1.0, 1.0, 1.0, 1.0, 1.0, 1.0, 1.0, 1.0, 1.0, 1.0, 1.0, 1.0, 1.0, 1.0, 1.0, 1.0, 1.0, 1.0, 1.0, 1.0, 1.0, 1.0, 1.0, 1.0, 1.0, 1.0, 1.0, 1.0, 1.0, 1.0, 1.0, 1.0, 1.0, 1.0, 1.0, 1.0, 1.0, 1.0, 1.0, 1.0, 1.0, 1.0, 1.0, 1.0, 1.0, 1.0, 1.0, 1.0, 1.0, 1.0, 1.0, 1.0, 1.0, 1.0, 1.0, 1.0, 1.0, 1.0, 1.0, 1.0, 1.0, 1.0, 1.0, 1.0, 1.0, 1.0, 1.0, 1.0, 1.0, 1.0, 1.0]
val acc list:
 [0.15733, 0.28133, 0.39867, 0.504, 0.59067, 0.63733, 0.66533, 0.68133, 0.70267, 0.70133, 0.71333, 0.70533, 0.712, 0.7, 0.696, 0.692, 0.69333, 0.68267, 0.67467, 0.66667, 0.67333, 0.66133, 0.66667, 0.664, 0.66933, 0.66933, 0.66533, 0.66133, 0.65733, 0.66133, 0.652, 0.66533, 0.664, 0.66133, 0.656, 0.65467, 0.65733, 0.66, 0.66, 0.65467, 0.65733, 0.65733, 0.644, 0.65467, 0.64667, 0.64933, 0.64667, 0.65467, 0.64933, 0.65067, 0.65467, 0.65067, 0.64133, 0.65467, 0.65467, 0.64267, 0.65333, 0.65333, 0.648, 0.66, 0.652, 0.66, 0.65067, 0.652, 0.652, 0.65867, 0.65867, 0.65067, 0.66, 0.65867, 0.65867, 0.65867, 0.65867, 0.65867, 0.65067, 0.65467, 0.65333, 0.65733, 0.65733, 0.656, 0.65733, 0.66, 0.65467, 0.65067, 0.65867, 0.65867, 0.65333, 0.652, 0.65867, 0.65733, 0.65467, 0.656, 0.65733, 0.65867, 0.65333, 0.66, 0.65867, 0.66, 0.656, 0.656, 0.652, 0.652, 0.652, 0.656, 0.65467, 0.652, 0.65067, 0.65333, 0.65467, 0.652, 0.64667, 0.652, 0.65733, 0.656, 0.652, 0.652, 0.65467, 0.65333, 0.65333, 0.652, 0.64933, 0.65733, 0.65333, 0.64933, 0.65467, 0.65067, 0.656, 0.65867, 0.65867, 0.66, 0.65733, 0.656, 0.644, 0.63333, 0.65333, 0.65733, 0.656, 0.65467, 0.65333, 0.65467, 0.65467, 0.656, 0.656, 0.65467, 0.656, 0.65733, 0.656, 0.66, 0.65867, 0.65867] 


*** Orig BERT with LS (e=0.1) ***:
test acc: 0.684
best val acc: 0.71067
train acc list:
 [0.20533, 0.422, 0.54, 0.622, 0.696, 0.74667, 0.77867, 0.81033, 0.845, 0.87367, 0.89733, 0.91933, 0.93833, 0.955, 0.96933, 0.978, 0.98267, 0.98967, 0.99333, 0.99533, 0.99633, 0.99833, 0.99833, 0.99933, 0.999, 0.99967, 1.0, 1.0, 1.0, 1.0, 1.0, 1.0, 1.0, 1.0, 1.0, 1.0, 1.0, 0.99967, 1.0, 1.0, 1.0, 1.0, 1.0, 1.0, 1.0, 1.0, 1.0, 1.0, 1.0, 1.0, 1.0, 1.0, 0.99967, 1.0, 1.0, 1.0, 1.0, 1.0, 1.0, 1.0, 1.0, 1.0, 1.0, 1.0, 1.0, 1.0, 1.0, 1.0, 1.0, 1.0, 1.0, 1.0, 1.0, 1.0, 1.0, 1.0, 1.0, 1.0, 1.0, 1.0, 1.0, 1.0, 1.0, 1.0, 1.0, 1.0, 1.0, 1.0, 1.0, 1.0, 1.0, 1.0, 1.0, 1.0, 1.0, 1.0, 1.0, 1.0, 1.0, 1.0, 1.0, 1.0, 1.0, 1.0, 1.0, 1.0, 1.0, 1.0, 1.0, 1.0, 1.0, 1.0, 1.0, 1.0, 1.0, 1.0, 1.0, 1.0, 1.0, 1.0, 1.0, 1.0, 1.0, 1.0, 1.0, 1.0, 1.0, 1.0, 1.0, 1.0, 1.0, 1.0, 1.0, 1.0, 1.0, 1.0, 1.0, 1.0, 1.0, 1.0, 1.0, 1.0, 1.0, 1.0, 1.0, 1.0, 1.0, 1.0, 1.0, 1.0]
val acc list:
 [0.17467, 0.38, 0.49733, 0.56267, 0.62267, 0.66267, 0.68267, 0.69333, 0.70667, 0.71067, 0.708, 0.696, 0.70133, 0.69467, 0.69867, 0.69733, 0.692, 0.676, 0.66933, 0.66533, 0.672, 0.65733, 0.668, 0.65333, 0.66, 0.652, 0.664, 0.66, 0.64933, 0.65733, 0.66267, 0.66, 0.65333, 0.66267, 0.65733, 0.66133, 0.652, 0.64667, 0.66, 0.66133, 0.66133, 0.65467, 0.64933, 0.65467, 0.652, 0.652, 0.652, 0.656, 0.65333, 0.644, 0.64933, 0.64267, 0.64, 0.648, 0.652, 0.65333, 0.656, 0.64667, 0.652, 0.65067, 0.64933, 0.64933, 0.65733, 0.656, 0.65067, 0.65067, 0.65733, 0.656, 0.65067, 0.64533, 0.65733, 0.656, 0.65733, 0.65067, 0.65733, 0.66, 0.66133, 0.656, 0.648, 0.65467, 0.65067, 0.644, 0.652, 0.65333, 0.65067, 0.656, 0.64933, 0.64667, 0.648, 0.65467, 0.65733, 0.65733, 0.656, 0.652, 0.65333, 0.656, 0.64933, 0.648, 0.66, 0.652, 0.65867, 0.652, 0.648, 0.644, 0.648, 0.64267, 0.64, 0.65333, 0.64667, 0.652, 0.656, 0.648, 0.648, 0.65333, 0.656, 0.64933, 0.65733, 0.652, 0.65067, 0.66, 0.65867, 0.66, 0.65333, 0.65733, 0.656, 0.656, 0.65467, 0.65867, 0.66267, 0.66133, 0.65067, 0.65467, 0.65867, 0.66, 0.65733, 0.656, 0.66, 0.66133, 0.664, 0.66267, 0.65867, 0.65733, 0.66, 0.664, 0.66533, 0.65467, 0.65733, 0.65333, 0.66267, 0.664] 


*** Orig BERT with LCM (a=3, wvdim=256, lcm_stop=100) ***:
test acc: 0.6928
best val acc: 0.712
train acc list:
 [0.15433, 0.31567, 0.47267, 0.579, 0.66533, 0.71233, 0.74867, 0.802, 0.83567, 0.869, 0.90067, 0.919, 0.937, 0.95333, 0.96667, 0.97333, 0.98033, 0.98467, 0.98867, 0.992, 0.995, 0.99633, 0.99667, 0.998, 0.999, 0.99933, 0.99967, 0.99967, 0.99967, 0.99967, 0.99967, 0.99967, 0.99967, 0.99967, 0.99967, 0.99967, 0.99967, 0.99967, 0.99967, 0.99967, 0.99967, 0.99967, 0.99967, 0.99967, 0.99967, 0.99967, 1.0, 1.0, 1.0, 1.0, 1.0, 1.0, 1.0, 1.0, 1.0, 1.0, 1.0, 1.0, 1.0, 1.0, 1.0, 1.0, 1.0, 1.0, 1.0, 1.0, 1.0, 1.0, 1.0, 1.0, 1.0, 1.0, 1.0, 1.0, 1.0, 1.0, 1.0, 1.0, 1.0, 1.0, 1.0, 1.0, 1.0, 1.0, 1.0, 1.0, 1.0, 1.0, 1.0, 1.0, 1.0, 1.0, 1.0, 1.0, 1.0, 1.0, 1.0, 1.0, 1.0, 1.0, 1.0, 1.0, 1.0, 1.0, 1.0, 1.0, 1.0, 1.0, 1.0, 1.0, 1.0, 1.0, 1.0, 1.0, 1.0, 1.0, 1.0, 1.0, 1.0, 1.0, 1.0, 1.0, 1.0, 1.0, 1.0, 1.0, 1.0, 1.0, 1.0, 1.0, 1.0, 1.0, 1.0, 1.0, 1.0, 1.0, 1.0, 1.0, 1.0, 1.0, 1.0, 1.0, 1.0, 1.0, 1.0, 1.0, 1.0, 1.0, 1.0, 1.0]
val acc list:
 [0.13467, 0.292, 0.428, 0.524, 0.59333, 0.64133, 0.67067, 0.684, 0.712, 0.7, 0.68667, 0.69733, 0.68667, 0.69067, 0.69067, 0.69467, 0.688, 0.68533, 0.67467, 0.66667, 0.676, 0.67733, 0.66667, 0.67333, 0.65467, 0.65333, 0.66133, 0.664, 0.66133, 0.652, 0.65867, 0.656, 0.664, 0.664, 0.66533, 0.65467, 0.65467, 0.66, 0.65733, 0.64533, 0.664, 0.66933, 0.65867, 0.65733, 0.656, 0.66667, 0.66133, 0.66, 0.66133, 0.65333, 0.65467, 0.66267, 0.65467, 0.66267, 0.66133, 0.65867, 0.66533, 0.65333, 0.65333, 0.652, 0.65067, 0.66533, 0.65867, 0.656, 0.66133, 0.652, 0.65867, 0.65867, 0.65733, 0.64667, 0.65467, 0.66, 0.66, 0.664, 0.65867, 0.66, 0.65733, 0.66533, 0.65867, 0.65733, 0.65733, 0.65733, 0.66133, 0.652, 0.64933, 0.66267, 0.64933, 0.656, 0.656, 0.65733, 0.656, 0.65867, 0.65867, 0.66267, 0.65867, 0.65333, 0.65467, 0.65333, 0.66, 0.652, 0.65333, 0.65067, 0.65067, 0.64667, 0.65467, 0.66, 0.65867, 0.66, 0.65867, 0.656, 0.656, 0.65467, 0.65067, 0.66, 0.648, 0.656, 0.65733, 0.65333, 0.65333, 0.65867, 0.66, 0.65733, 0.65467, 0.66133, 0.65733, 0.65467, 0.65467, 0.65333, 0.64667, 0.648, 0.65067, 0.652, 0.65867, 0.65067, 0.66, 0.65733, 0.66, 0.65467, 0.65733, 0.65733, 0.65733, 0.66133, 0.65067, 0.66133, 0.656, 0.65733, 0.65733, 0.65867, 0.66133, 0.65867] 


*** Orig BERT with LCM (a=4, wvdim=256, lcm_stop=100) ***:
test acc: 0.6976
best val acc: 0.728
train acc list:
 [0.18367, 0.38833, 0.48833, 0.61367, 0.66767, 0.73833, 0.784, 0.82, 0.852, 0.87367, 0.90533, 0.92567, 0.94267, 0.95433, 0.96233, 0.97233, 0.978, 0.987, 0.99167, 0.995, 0.995, 0.99767, 0.99833, 0.99833, 0.999, 0.99967, 0.99967, 0.99933, 0.99967, 1.0, 0.99967, 1.0, 1.0, 1.0, 1.0, 1.0, 1.0, 1.0, 1.0, 1.0, 1.0, 1.0, 1.0, 1.0, 1.0, 1.0, 1.0, 1.0, 1.0, 1.0, 1.0, 1.0, 1.0, 1.0, 1.0, 1.0, 1.0, 1.0, 1.0, 1.0, 1.0, 1.0, 1.0, 1.0, 1.0, 1.0, 1.0, 1.0, 1.0, 1.0, 1.0, 1.0, 1.0, 1.0, 1.0, 1.0, 1.0, 1.0, 1.0, 1.0, 1.0, 1.0, 1.0, 1.0, 1.0, 1.0, 1.0, 1.0, 1.0, 1.0, 1.0, 1.0, 1.0, 1.0, 1.0, 1.0, 1.0, 1.0, 1.0, 1.0, 1.0, 1.0, 1.0, 1.0, 1.0, 1.0, 1.0, 1.0, 1.0, 1.0, 1.0, 1.0, 1.0, 1.0, 1.0, 1.0, 1.0, 1.0, 1.0, 1.0, 1.0, 1.0, 1.0, 1.0, 1.0, 1.0, 1.0, 1.0, 1.0, 1.0, 1.0, 1.0, 1.0, 1.0, 1.0, 1.0, 1.0, 1.0, 0.99367, 1.0, 1.0, 1.0, 1.0, 1.0, 1.0, 1.0, 1.0, 1.0, 1.0, 1.0]
val acc list:
 [0.17067, 0.34267, 0.44, 0.55733, 0.60133, 0.65867, 0.708, 0.69733, 0.72, 0.728, 0.716, 0.724, 0.704, 0.71467, 0.70533, 0.70267, 0.704, 0.68667, 0.69467, 0.69733, 0.67333, 0.67067, 0.68267, 0.68, 0.67067, 0.67867, 0.67333, 0.668, 0.66933, 0.67467, 0.67067, 0.672, 0.676, 0.66667, 0.68, 0.68933, 0.68, 0.67867, 0.67467, 0.68267, 0.68267, 0.68667, 0.688, 0.68, 0.672, 0.67733, 0.69067, 0.67733, 0.68933, 0.69333, 0.69067, 0.684, 0.67733, 0.68267, 0.67467, 0.68533, 0.67733, 0.68, 0.672, 0.68133, 0.67733, 0.68267, 0.68267, 0.668, 0.68, 0.68, 0.688, 0.67733, 0.68133, 0.68, 0.68, 0.676, 0.676, 0.672, 0.67467, 0.676, 0.68267, 0.67733, 0.672, 0.66933, 0.68133, 0.67067, 0.67333, 0.664, 0.668, 0.664, 0.672, 0.67733, 0.67467, 0.66667, 0.66933, 0.668, 0.67467, 0.66533, 0.67467, 0.676, 0.66933, 0.67467, 0.67333, 0.67333, 0.644, 0.652, 0.64, 0.64667, 0.648, 0.648, 0.648, 0.648, 0.65067, 0.65333, 0.65333, 0.65333, 0.65467, 0.65467, 0.656, 0.656, 0.65733, 0.65733, 0.65733, 0.656, 0.66, 0.66267, 0.66133, 0.65867, 0.66, 0.65333, 0.64933, 0.65467, 0.64667, 0.65467, 0.64933, 0.652, 0.64933, 0.656, 0.63867, 0.65333, 0.65333, 0.65867, 0.576, 0.62133, 0.62533, 0.62, 0.636, 0.63867, 0.636, 0.63733, 0.64133, 0.64133, 0.63733, 0.63733] 
